389
57
21
122
390
129
77
34
232
2
389
57
21
122
390
129
77
34
232
2
389
57
21
122
390
129
77
34
232
2
389
57
21
122
390
129
77
34
232
2
389
57
21
122
390
129
77
34
232
2
389
57
21
122
390
129
77
34
232
2
389
57
21
122
390
129
77
34
232
2
389
57
21
122
390
129
77
34
232
2
389
57
21
122
390
129
77
34
232
2
389
57
21
122
390
129
77
34
232
2
389
57
21
122
390
129
77
34
232
2
389
57
21
122
390
129
77
34
232
2
389
57
21
122
390
129
77
34
232
2
389
57
21
122
390
129
77
34
232
2
389
57
21
122
390
129
77
34
232
2
389
57
21
122
390
129
77
34
232
2
389
57
21
122
390
129
77
34
232
2
389
57
21
122
390
129
77
34
232
2
389
57
21
122
390
129
77
34
232
2
389
57
21
122
390
129
77
34
232
2
389
57
21
122
390
129
77
34
232
2
389
57
21
122
390
129
77
34
232
2
389
57
21
122
390
129
77
34
232
2
389
57
21
122
390
129
77
34
232
2
389
57
21
122
390
129
77
34
232
2
389
57
21
122
390
129
77
34
232
2
389
57
21
122
390
129
77
34
232
2
389
57
21
122
390
129
77
34
232
2
389
57
21
122
390
129
77
34
232
2
389
57
21
122
390
129
77
34
232
2
389
57
21
122
390
129
77
34
232
2
389
57
21
122
390
129
77
34
232
2
389
57
21
122
390
129
77
34
232
2
389
57
21
122
390
129
77
34
232
2
389
57
21
122
390
129
77
34
232
2
389
57
21
122
390
129
77
34
232
2
389
57
21
122
390
129
77
34
232
2
389
57
21
122
390
129
77
34
232
2
389
57
21
122
390
129
77
34
232
2
389
57
21
122
390
129
77
34
232
2
389
57
21
122
390
129
77
34
232
2
389
57
21
122
390
129
77
34
232
2
389
57
21
122
390
129
77
34
232
2
389
57
21
122
390
129
77
34
232
2
389
57
21
122
390
129
77
34
232
2
389
57
21
122
390
129
77
34
232
2
389
57
21
122
390
129
77
34
232
2
389
57
21
122
390
129
77
34
232
2
389
57
21
122
390
129
77
34
232
2
389
57
21
122
390
129
77
34
232
2
