54
56
164
212
184
60
134
152
68
55
54
56
164
212
184
60
134
152
68
55
54
56
164
212
184
60
134
152
68
55
54
56
164
212
184
60
134
152
68
55
54
56
164
212
184
60
134
152
68
55
54
56
164
212
184
60
134
152
68
55
54
56
164
212
184
60
134
152
68
55
54
56
164
212
184
60
134
152
68
55
54
56
164
212
184
60
134
152
68
55
54
56
164
212
184
60
134
152
68
55
54
56
164
212
184
60
134
152
68
55
54
56
164
212
184
60
134
152
68
55
54
56
164
212
184
60
134
152
68
55
54
56
164
212
184
60
134
152
68
55
54
56
164
212
184
60
134
152
68
55
54
56
164
212
184
60
134
152
68
55
54
56
164
212
184
60
134
152
68
55
54
56
164
212
184
60
134
152
68
55
54
56
164
212
184
60
134
152
68
55
54
56
164
212
184
60
134
152
68
55
54
56
164
212
184
60
134
152
68
55
54
56
164
212
184
60
134
152
68
55
54
56
164
212
184
60
134
152
68
55
54
56
164
212
184
60
134
152
68
55
54
56
164
212
184
60
134
152
68
55
54
56
164
212
184
60
134
152
68
55
54
56
164
212
184
60
134
152
68
55
54
56
164
212
184
60
134
152
68
55
54
56
164
212
184
60
134
152
68
55
54
56
164
212
184
60
134
152
68
55
54
56
164
212
184
60
134
152
68
55
54
56
164
212
184
60
134
152
68
55
54
56
164
212
184
60
134
152
68
55
54
56
164
212
184
60
134
152
68
55
54
56
164
212
184
60
134
152
68
55
54
56
164
212
184
60
134
152
68
55
54
56
164
212
184
60
134
152
68
55
54
56
164
212
184
60
134
152
68
55
54
56
164
212
184
60
134
152
68
55
54
56
164
212
184
60
134
152
68
55
54
56
164
212
184
60
134
152
68
55
54
56
164
212
184
60
134
152
68
55
54
56
164
212
184
60
134
152
68
55
54
56
164
212
184
60
134
152
68
55
54
56
164
212
184
60
134
152
68
55
54
56
164
212
184
60
134
152
68
55
54
56
164
212
184
60
134
152
68
55
54
56
164
212
184
60
134
152
68
55
54
56
164
212
184
60
134
152
68
55
54
56
164
212
184
60
134
152
68
55
