7
14
8
10
62
1
61
135
153
244
7
14
8
10
62
1
61
135
153
244
7
14
8
10
62
1
61
135
153
244
7
14
8
10
62
1
61
135
153
244
7
14
8
10
62
1
61
135
153
244
7
14
8
10
62
1
61
135
153
244
7
14
8
10
62
1
61
135
153
244
7
14
8
10
62
1
61
135
153
244
7
14
8
10
62
1
61
135
153
244
7
14
8
10
62
1
61
135
153
244
7
14
8
10
62
1
61
135
153
244
7
14
8
10
62
1
61
135
153
244
7
14
8
10
62
1
61
135
153
244
7
14
8
10
62
1
61
135
153
244
7
14
8
10
62
1
61
135
153
244
7
14
8
10
62
1
61
135
153
244
7
14
8
10
62
1
61
135
153
244
7
14
8
10
62
1
61
135
153
244
7
14
8
10
62
1
61
135
153
244
7
14
8
10
62
1
61
135
153
244
7
14
8
10
62
1
61
135
153
244
7
14
8
10
62
1
61
135
153
244
7
14
8
10
62
1
61
135
153
244
7
14
8
10
62
1
61
135
153
244
7
14
8
10
62
1
61
135
153
244
7
14
8
10
62
1
61
135
153
244
7
14
8
10
62
1
61
135
153
244
7
14
8
10
62
1
61
135
153
244
7
14
8
10
62
1
61
135
153
244
7
14
8
10
62
1
61
135
153
244
7
14
8
10
62
1
61
135
153
244
7
14
8
10
62
1
61
135
153
244
7
14
8
10
62
1
61
135
153
244
7
14
8
10
62
1
61
135
153
244
7
14
8
10
62
1
61
135
153
244
7
14
8
10
62
1
61
135
153
244
7
14
8
10
62
1
61
135
153
244
7
14
8
10
62
1
61
135
153
244
7
14
8
10
62
1
61
135
153
244
7
14
8
10
62
1
61
135
153
244
7
14
8
10
62
1
61
135
153
244
7
14
8
10
62
1
61
135
153
244
7
14
8
10
62
1
61
135
153
244
7
14
8
10
62
1
61
135
153
244
7
14
8
10
62
1
61
135
153
244
7
14
8
10
62
1
61
135
153
244
7
14
8
10
62
1
61
135
153
244
7
14
8
10
62
1
61
135
153
244
7
14
8
10
62
1
61
135
153
244
7
14
8
10
62
1
61
135
153
244
