8
55
117
53
289
115
116
119
9
50
8
55
117
53
289
115
116
119
9
50
8
55
117
53
289
115
116
119
9
50
8
55
117
53
289
115
116
119
9
50
8
55
117
53
289
115
116
119
9
50
8
55
117
53
289
115
116
119
9
50
8
55
117
53
289
115
116
119
9
50
8
55
117
53
289
115
116
119
9
50
8
55
117
53
289
115
116
119
9
50
8
55
117
53
289
115
116
119
9
50
8
55
117
53
289
115
116
119
9
50
8
55
117
53
289
115
116
119
9
50
8
55
117
53
289
115
116
119
9
50
8
55
117
53
289
115
116
119
9
50
8
55
117
53
289
115
116
119
9
50
8
55
117
53
289
115
116
119
9
50
8
55
117
53
289
115
116
119
9
50
8
55
117
53
289
115
116
119
9
50
8
55
117
53
289
115
116
119
9
50
8
55
117
53
289
115
116
119
9
50
8
55
117
53
289
115
116
119
9
50
8
55
117
53
289
115
116
119
9
50
8
55
117
53
289
115
116
119
9
50
8
55
117
53
289
115
116
119
9
50
8
55
117
53
289
115
116
119
9
50
8
55
117
53
289
115
116
119
9
50
8
55
117
53
289
115
116
119
9
50
8
55
117
53
289
115
116
119
9
50
8
55
117
53
289
115
116
119
9
50
8
55
117
53
289
115
116
119
9
50
8
55
117
53
289
115
116
119
9
50
8
55
117
53
289
115
116
119
9
50
8
55
117
53
289
115
116
119
9
50
8
55
117
53
289
115
116
119
9
50
8
55
117
53
289
115
116
119
9
50
8
55
117
53
289
115
116
119
9
50
8
55
117
53
289
115
116
119
9
50
8
55
117
53
289
115
116
119
9
50
8
55
117
53
289
115
116
119
9
50
8
55
117
53
289
115
116
119
9
50
8
55
117
53
289
115
116
119
9
50
8
55
117
53
289
115
116
119
9
50
8
55
117
53
289
115
116
119
9
50
8
55
117
53
289
115
116
119
9
50
8
55
117
53
289
115
116
119
9
50
8
55
117
53
289
115
116
119
9
50
8
55
117
53
289
115
116
119
9
50
8
55
117
53
289
115
116
119
9
50
8
55
117
53
289
115
116
119
9
50
8
55
117
53
289
115
116
119
9
50
